
############ delta_scale=raw  detection batch S=1 ############

================  F1  (ours | reported)  ================
model                    10                20                31
SVM            61.1 |   6.1      59.8 |  13.2      59.3 |  26.2
RF             47.3 |  17.5      46.0 |  22.7      46.8 |  28.9
LGBM           45.5 |  19.8      47.1 |  20.1      47.3 |  22.3
FFNN           72.1 |  20.9      71.1 |  24.1      70.8 |  36.1
LSTM           71.1 |  26.0      71.7 |  27.5      72.4 |  34.5
AE             58.8 |  21.5      44.4 |  31.4      46.6 |  38.1
TGCN           67.8 |  49.6      70.9 |  59.3      70.5 |  59.8
STGT           70.6 |  52.3      70.3 |  59.4      69.9 |  76.3
TL-STGT        68.9 |  54.8      69.4 |  65.1      70.3 |  79.7

================  ACC  (ours | reported)  ================
model                    10                20                31
SVM            68.6 |  80.7      68.9 |  78.4      67.5 |  77.7
RF             62.1 |  82.4      63.6 |  80.1      64.2 |  76.1
LGBM           63.6 |  82.5      64.2 |  81.3      64.2 |  81.9
FFNN           77.7 |  78.6      76.3 |  80.6      75.2 |  83.3
LSTM           76.6 |  77.0      76.4 |  70.3      76.7 |  64.7
AE             70.0 |  67.2      62.6 |  80.1      64.7 |  83.4
TGCN           73.6 |  79.3      75.1 |  79.6      75.1 |  80.4
STGT           75.9 |  81.5      74.8 |  83.7      73.9 |  84.8
TL-STGT        74.9 |  82.6      74.1 |  86.1      74.2 |  87.1

================  DR  (ours | reported)  ================
model                    10                20                31
SVM            51.4 |   3.2      48.1 |   9.3      49.5 |  20.1
RF             35.5 |   9.5      32.4 |  12.4      32.9 |  30.1
LGBM           31.7 |  11.1      33.3 |  11.3      33.6 |  13.3
FFNN           60.0 |  14.5      61.0 |  22.7      62.6 |  24.1
LSTM           60.0 |  20.6      62.4 |  25.9      63.8 |  47.4
AE             44.8 |  23.1      31.2 |  24.3      32.1 |  26.1
TGCN           57.9 |  51.8      63.3 |  53.4      62.1 |  54.8
STGT           60.2 |  54.2      62.1 |  55.6      63.3 |  74.7
TL-STGT        58.1 |  53.6      61.2 |  59.6      63.6 |  76.8

---- realized false-alarm rate (ours; the paper reports none) ----
model                    10                20                31
SVM                    15.6              11.8              16.0
RF                     13.4               7.7               7.0
LGBM                    7.0               7.5               7.7
FFNN                    5.9               9.6              13.2
LSTM                    8.1              10.7              11.4
AE                      6.8               8.6               5.3
TGCN                   11.8              14.0              12.9
STGT                    9.6              13.6              16.4
TL-STGT                 9.6              14.0              16.0

############ delta_scale=raw  detection batch S=32 ############

================  F1  (ours | reported)  ================
model                    10                20                31
SVM            61.1 |   6.1      59.8 |  13.2      59.3 |  26.2
RF             47.3 |  17.5      46.0 |  22.7      46.8 |  28.9
LGBM           45.5 |  19.8      47.1 |  20.1      47.3 |  22.3
FFNN           63.1 |  20.9      66.5 |  24.1      68.5 |  36.1
LSTM           61.6 |  26.0      68.4 |  27.5      68.9 |  34.5
AE             46.9 |  21.5      47.3 |  31.4      50.4 |  38.1
TGCN           56.1 |  49.6      58.6 |  59.3      64.9 |  59.8
STGT           61.3 |  52.3      59.4 |  59.4      66.5 |  76.3
TL-STGT        55.9 |  54.8      58.3 |  65.1      64.1 |  79.7

================  ACC  (ours | reported)  ================
model                    10                20                31
SVM            68.6 |  80.7      68.9 |  78.4      67.5 |  77.7
RF             62.1 |  82.4      63.6 |  80.1      64.2 |  76.1
LGBM           63.6 |  82.5      64.2 |  81.3      64.2 |  81.9
FFNN           65.6 |  78.6      59.9 |  80.6      63.2 |  83.3
LSTM           62.8 |  77.0      64.3 |  70.3      63.2 |  64.7
AE             53.2 |  67.2      56.3 |  80.1      61.1 |  83.4
TGCN           60.3 |  79.3      59.0 |  79.6      59.4 |  80.4
STGT           58.3 |  81.5      60.4 |  83.7      61.5 |  84.8
TL-STGT        59.4 |  82.6      59.1 |  86.1      59.9 |  87.1

================  DR  (ours | reported)  ================
model                    10                20                31
SVM            51.4 |   3.2      48.1 |   9.3      49.5 |  20.1
RF             35.5 |   9.5      32.4 |  12.4      32.9 |  30.1
LGBM           31.7 |  11.1      33.3 |  11.3      33.6 |  13.3
FFNN           61.2 |  14.5      82.9 |  22.7      83.3 |  24.1
LSTM           62.1 |  20.6      80.7 |  25.9      84.8 |  47.4
AE             43.1 |  23.1      41.0 |  24.3      41.2 |  26.1
TGCN           52.9 |  51.8      60.5 |  53.4      78.3 |  54.8
STGT           68.8 |  54.2      60.5 |  55.6      79.5 |  74.7
TL-STGT        53.8 |  53.6      59.5 |  59.6      74.5 |  76.8

---- realized false-alarm rate (ours; the paper reports none) ----
model                    10                20                31
SVM                    15.6              11.8              16.0
RF                     13.4               7.7               7.0
LGBM                    7.0               7.5               7.7
FFNN                   30.3              61.2              55.3
LSTM                   36.6              50.9              56.6
AE                     37.5              29.6              20.6
TGCN                   32.9              42.3              58.1
STGT                   51.3              39.7              55.0
TL-STGT                35.5              41.2              53.5
