
############ delta_scale=raw  detection batch S=1 ############

================  F1  (ours | reported)  ================
model                    10                20                31
SVM            61.2 |   6.1      58.8 |  13.2      59.1 |  26.2
RF             46.2 |  17.5      45.6 |  22.7      46.9 |  28.9
LGBM           45.3 |  19.8      45.1 |  20.1      46.3 |  22.3
FFNN           72.8 |  20.9      70.2 |  24.1      70.3 |  36.1
LSTM           70.7 |  26.0      72.7 |  27.5      71.2 |  34.5
AE             58.8 |  21.5      45.4 |  31.4      44.5 |  38.1
TGCN           45.5 |  49.6      67.6 |  59.3      70.8 |  59.8
STGT           60.2 |  52.3      67.7 |  59.4      67.8 |  76.3
TL-STGT        70.5 |  54.8      67.1 |  65.1      70.9 |  79.7

================  ACC  (ours | reported)  ================
model                    10                20                31
SVM            68.8 |  80.7      68.5 |  78.4      66.8 |  77.7
RF             62.0 |  82.4      62.7 |  80.1      63.6 |  76.1
LGBM           63.6 |  82.5      63.2 |  81.3      63.9 |  81.9
FFNN           77.9 |  78.6      76.1 |  80.6      75.1 |  83.3
LSTM           75.2 |  77.0      77.3 |  70.3      76.0 |  64.7
AE             69.4 |  67.2      64.3 |  80.1      64.7 |  83.4
TGCN           62.2 |  79.3      72.3 |  79.6      75.7 |  80.4
STGT           69.9 |  81.5      72.6 |  83.7      73.4 |  84.8
TL-STGT        75.3 |  82.6      72.5 |  86.1      75.0 |  87.1

================  DR  (ours | reported)  ================
model                    10                20                31
SVM            51.2 |   3.2      46.9 |   9.3      50.0 |  20.1
RF             34.0 |   9.5      32.6 |  12.4      33.6 |  30.1
LGBM           31.4 |  11.1      31.4 |  11.3      32.4 |  13.3
FFNN           61.7 |  14.5      58.6 |  22.7      61.4 |  24.1
LSTM           62.4 |  20.6      63.1 |  25.9      61.7 |  47.4
AE             45.5 |  23.1      31.0 |  24.3      29.5 |  26.1
TGCN           32.9 |  51.8      60.5 |  53.4      61.4 |  54.8
STGT           47.6 |  54.2      59.8 |  55.6      58.3 |  74.7
TL-STGT        61.4 |  53.6      58.6 |  59.6      63.6 |  76.8

---- realized false-alarm rate (ours; the paper reports none) ----
model                    10                20                31
SVM                    14.9              11.6              17.8
RF                     12.3               9.6               8.8
LGBM                    6.8               7.5               7.0
FFNN                    7.2               7.7              12.3
LSTM                   12.9               9.6              10.7
AE                      8.6               5.0               2.9
TGCN                   10.7              16.9              11.2
STGT                    9.6              15.6              12.7
TL-STGT                11.8              14.7              14.5

############ delta_scale=raw  detection batch S=32 ############

================  F1  (ours | reported)  ================
model                    10                20                31
SVM            61.2 |   6.1      58.8 |  13.2      59.1 |  26.2
RF             46.2 |  17.5      45.6 |  22.7      46.9 |  28.9
LGBM           45.3 |  19.8      45.1 |  20.1      46.3 |  22.3
FFNN           65.8 |  20.9      62.7 |  24.1      60.2 |  36.1
LSTM           64.3 |  26.0      66.2 |  27.5      68.1 |  34.5
AE             53.1 |  21.5      47.0 |  31.4      39.9 |  38.1
TGCN           45.3 |  49.6      60.2 |  59.3      64.2 |  59.8
STGT           64.5 |  52.3      57.2 |  59.4      54.7 |  76.3
TL-STGT        62.4 |  54.8      57.4 |  65.1      69.2 |  79.7

================  ACC  (ours | reported)  ================
model                    10                20                31
SVM            68.8 |  80.7      68.5 |  78.4      66.8 |  77.7
RF             62.0 |  82.4      62.7 |  80.1      63.6 |  76.1
LGBM           63.6 |  82.5      63.2 |  81.3      63.9 |  81.9
FFNN           64.6 |  78.6      61.2 |  80.6      62.1 |  83.3
LSTM           60.4 |  77.0      63.9 |  70.3      63.8 |  64.7
AE             57.6 |  67.2      58.8 |  80.1      58.7 |  83.4
TGCN           56.2 |  79.3      61.6 |  79.6      60.8 |  80.4
STGT           63.9 |  81.5      55.4 |  83.7      57.4 |  84.8
TL-STGT        59.1 |  82.6      54.8 |  86.1      65.8 |  87.1

================  DR  (ours | reported)  ================
model                    10                20                31
SVM            51.2 |   3.2      46.9 |   9.3      50.0 |  20.1
RF             34.0 |   9.5      32.6 |  12.4      33.6 |  30.1
LGBM           31.4 |  11.1      31.4 |  11.3      32.4 |  13.3
FFNN           71.0 |  14.5      68.1 |  22.7      59.8 |  24.1
LSTM           74.3 |  20.6      73.6 |  25.9      80.7 |  47.4
AE             50.0 |  23.1      38.1 |  24.3      28.6 |  26.1
TGCN           37.9 |  51.8      60.5 |  53.4      73.1 |  54.8
STGT           68.3 |  54.2      62.1 |  55.6      53.6 |  74.7
TL-STGT        70.7 |  53.6      63.6 |  59.6      80.2 |  76.8

---- realized false-alarm rate (ours; the paper reports none) ----
model                    10                20                31
SVM                    14.9              11.6              17.8
RF                     12.3               9.6               8.8
LGBM                    6.8               7.5               7.0
FFNN                   41.2              45.2              35.7
LSTM                   52.4              45.0              51.8
AE                     35.3              22.1              13.6
TGCN                   27.0              37.3              50.4
STGT                   40.1              50.9              39.0
TL-STGT                51.5              53.3              47.6
