
############ delta_scale=raw  detection batch S=1 ############

================  F1  (ours | reported)  ================
model                    10                20                31
SVM            60.6 |   6.1      59.4 |  13.2      59.5 |  26.2
RF             60.7 |  17.5      45.5 |  22.7      46.1 |  28.9
LGBM           45.6 |  19.8      46.8 |  20.1      47.1 |  22.3
FFNN           71.4 |  20.9      71.9 |  24.1      69.3 |  36.1
LSTM           72.2 |  26.0      72.9 |  27.5      71.5 |  34.5
AE             59.4 |  21.5      45.4 |  31.4      46.1 |  38.1
TGCN           69.2 |  49.6      69.8 |  59.3      69.3 |  59.8
STGT           60.4 |  52.3      69.9 |  59.4      69.4 |  76.3
TL-STGT        69.1 |  54.8      67.9 |  65.1      71.0 |  79.7

================  ACC  (ours | reported)  ================
model                    10                20                31
SVM            68.4 |  80.7      68.9 |  78.4      67.5 |  77.7
RF             69.4 |  82.4      62.6 |  80.1      63.7 |  76.1
LGBM           63.8 |  82.5      64.2 |  81.3      63.8 |  81.9
FFNN           77.2 |  78.6      77.4 |  80.6      74.4 |  83.3
LSTM           76.9 |  77.0      78.0 |  70.3      76.7 |  64.7
AE             70.7 |  67.2      64.6 |  80.1      64.7 |  83.4
TGCN           74.1 |  79.3      74.3 |  79.6      73.9 |  80.4
STGT           69.5 |  81.5      74.3 |  83.7      74.1 |  84.8
TL-STGT        74.4 |  82.6      72.3 |  86.1      74.7 |  87.1

================  DR  (ours | reported)  ================
model                    10                20                31
SVM            50.7 |   3.2      47.4 |   9.3      49.8 |  20.1
RF             49.3 |   9.5      32.6 |  12.4      32.4 |  30.1
LGBM           31.7 |  11.1      32.9 |  11.3      33.6 |  13.3
FFNN           59.5 |  14.5      60.2 |  22.7      60.2 |  24.1
LSTM           62.4 |  20.6      61.7 |  25.9      61.0 |  47.4
AE             44.8 |  23.1      30.7 |  24.3      31.4 |  26.1
TGCN           60.7 |  51.8      61.9 |  53.4      61.4 |  54.8
STGT           48.6 |  54.2      62.1 |  55.6      61.2 |  74.7
TL-STGT        59.5 |  53.6      61.2 |  59.6      64.8 |  76.8

---- realized false-alarm rate (ours; the paper reports none) ----
model                    10                20                31
SVM                    15.4              11.2              16.2
RF                     12.1               9.9               7.5
LGBM                    6.6               7.0               8.3
FFNN                    6.6               6.8              12.5
LSTM                    9.6               7.0               8.8
AE                      5.5               4.2               4.6
TGCN                   13.6              14.3              14.7
STGT                   11.2              14.5              14.0
TL-STGT                11.8              17.5              16.2

############ delta_scale=raw  detection batch S=32 ############

================  F1  (ours | reported)  ================
model                    10                20                31
SVM            60.6 |   6.1      59.4 |  13.2      59.5 |  26.2
RF             60.7 |  17.5      45.5 |  22.7      46.1 |  28.9
LGBM           45.6 |  19.8      46.8 |  20.1      47.1 |  22.3
FFNN           67.4 |  20.9      66.9 |  24.1      62.9 |  36.1
LSTM           64.6 |  26.0      65.6 |  27.5      64.9 |  34.5
AE             50.2 |  21.5      49.1 |  31.4      39.4 |  38.1
TGCN           59.9 |  49.6      60.5 |  59.3      60.7 |  59.8
STGT           62.6 |  52.3      56.8 |  59.4      65.6 |  76.3
TL-STGT        59.5 |  54.8      63.7 |  65.1      64.1 |  79.7

================  ACC  (ours | reported)  ================
model                    10                20                31
SVM            68.4 |  80.7      68.9 |  78.4      67.5 |  77.7
RF             69.4 |  82.4      62.6 |  80.1      63.7 |  76.1
LGBM           63.8 |  82.5      64.2 |  81.3      63.8 |  81.9
FFNN           66.3 |  78.6      64.2 |  80.6      56.8 |  83.3
LSTM           61.9 |  77.0      64.2 |  70.3      65.5 |  64.7
AE             60.2 |  67.2      62.1 |  80.1      57.9 |  83.4
TGCN           62.3 |  79.3      59.2 |  79.6      58.2 |  80.4
STGT           60.3 |  81.5      58.7 |  83.7      65.4 |  84.8
TL-STGT        59.9 |  82.6      56.7 |  86.1      62.6 |  87.1

================  DR  (ours | reported)  ================
model                    10                20                31
SVM            50.7 |   3.2      47.4 |   9.3      49.8 |  20.1
RF             49.3 |   9.5      32.6 |  12.4      32.4 |  30.1
LGBM           31.7 |  11.1      32.9 |  11.3      33.6 |  13.3
FFNN           72.6 |  14.5      75.7 |  22.7      76.4 |  24.1
LSTM           72.6 |  20.6      71.2 |  25.9      66.4 |  47.4
AE             41.9 |  23.1      38.1 |  24.3      28.6 |  26.1
TGCN           58.6 |  51.8      65.0 |  53.4      67.4 |  54.8
STGT           69.3 |  54.2      56.7 |  55.6      68.8 |  74.7
TL-STGT        61.4 |  53.6      79.3 |  59.6      69.8 |  76.8

---- realized false-alarm rate (ours; the paper reports none) ----
model                    10                20                31
SVM                    15.4              11.2              16.2
RF                     12.1               9.9               7.5
LGBM                    6.6               7.0               8.3
FFNN                   39.5              46.5              61.2
LSTM                   48.0              42.3              35.3
AE                     23.0              15.8              15.1
TGCN                   34.2              46.1              50.2
STGT                   48.0              39.5              37.7
TL-STGT                41.4              64.0              44.1
