
############ delta_scale=raw  detection batch S=1 ############

================  F1  (ours | reported)  ================
model                    10                20                31
SVM            62.2 |   6.1      59.9 |  13.2      59.2 |  26.2
RF             60.0 |  17.5      46.6 |  22.7      47.9 |  28.9
LGBM           47.1 |  19.8      46.8 |  20.1      46.6 |  22.3
FFNN           70.9 |  20.9      72.5 |  24.1      71.8 |  36.1
LSTM           70.0 |  26.0      72.4 |  27.5      71.3 |  34.5
AE             44.7 |  21.5      45.4 |  31.4      44.7 |  38.1
TGCN           67.8 |  49.6      70.5 |  59.3      69.6 |  59.8
STGT           69.5 |  52.3      67.7 |  59.4      69.8 |  76.3
TL-STGT        70.0 |  54.8      69.5 |  65.1      71.4 |  79.7

================  ACC  (ours | reported)  ================
model                    10                20                31
SVM            69.3 |  80.7      69.4 |  78.4      66.9 |  77.7
RF             68.5 |  82.4      63.6 |  80.1      65.0 |  76.1
LGBM           64.2 |  82.5      64.2 |  81.3      63.7 |  81.9
FFNN           76.7 |  78.6      77.2 |  80.6      76.5 |  83.3
LSTM           75.7 |  77.0      77.2 |  70.3      76.1 |  64.7
AE             63.0 |  67.2      64.8 |  80.1      63.2 |  83.4
TGCN           73.7 |  79.3      74.5 |  79.6      74.4 |  80.4
STGT           75.0 |  81.5      72.8 |  83.7      73.6 |  84.8
TL-STGT        76.0 |  82.6      74.1 |  86.1      75.2 |  87.1

================  DR  (ours | reported)  ================
model                    10                20                31
SVM            52.6 |   3.2      47.6 |   9.3      50.0 |  20.1
RF             49.3 |   9.5      33.1 |  12.4      33.6 |  30.1
LGBM           33.3 |  11.1      32.9 |  11.3      33.1 |  13.3
FFNN           59.3 |  14.5      62.6 |  22.7      62.4 |  24.1
LSTM           59.3 |  20.6      62.4 |  25.9      61.9 |  47.4
AE             31.2 |  23.1      30.5 |  24.3      31.0 |  26.1
TGCN           57.6 |  51.8      63.6 |  53.4      61.2 |  54.8
STGT           59.5 |  54.2      59.3 |  55.6      63.6 |  74.7
TL-STGT        58.3 |  53.6      61.7 |  59.6      64.5 |  76.8

---- realized false-alarm rate (ours; the paper reports none) ----
model                    10                20                31
SVM                    15.4              10.5              17.5
RF                     13.8               8.3               6.1
LGBM                    7.5               7.0               8.1
FFNN                    7.2               9.4              10.5
LSTM                    9.2               9.2              10.7
AE                      7.7               3.5               7.0
TGCN                   11.4              15.4              13.4
STGT                   10.7              14.7              17.1
TL-STGT                 7.7              14.5              14.9

############ delta_scale=raw  detection batch S=32 ############

================  F1  (ours | reported)  ================
model                    10                20                31
SVM            62.2 |   6.1      59.9 |  13.2      59.2 |  26.2
RF             60.0 |  17.5      46.6 |  22.7      47.9 |  28.9
LGBM           47.1 |  19.8      46.8 |  20.1      46.6 |  22.3
FFNN           65.2 |  20.9      70.4 |  24.1      65.5 |  36.1
LSTM           61.0 |  26.0      65.2 |  27.5      67.9 |  34.5
AE             36.6 |  21.5      38.9 |  31.4      39.0 |  38.1
TGCN           55.7 |  49.6      58.6 |  59.3      64.1 |  59.8
STGT           56.8 |  52.3      61.5 |  59.4      65.8 |  76.3
TL-STGT        60.6 |  54.8      62.4 |  65.1      65.6 |  79.7

================  ACC  (ours | reported)  ================
model                    10                20                31
SVM            69.3 |  80.7      69.4 |  78.4      66.9 |  77.7
RF             68.5 |  82.4      63.6 |  80.1      65.0 |  76.1
LGBM           64.2 |  82.5      64.2 |  81.3      63.7 |  81.9
FFNN           64.0 |  78.6      66.4 |  80.6      60.4 |  83.3
LSTM           61.5 |  77.0      63.5 |  70.3      63.6 |  64.7
AE             52.2 |  67.2      57.0 |  80.1      55.7 |  83.4
TGCN           60.6 |  79.3      58.4 |  79.6      59.9 |  80.4
STGT           60.7 |  81.5      57.8 |  83.7      61.1 |  84.8
TL-STGT        63.7 |  82.6      59.2 |  86.1      61.5 |  87.1

================  DR  (ours | reported)  ================
model                    10                20                31
SVM            52.6 |   3.2      47.6 |   9.3      50.0 |  20.1
RF             49.3 |   9.5      33.1 |  12.4      33.6 |  30.1
LGBM           33.3 |  11.1      32.9 |  11.3      33.1 |  13.3
FFNN           70.2 |  14.5      83.3 |  22.7      78.3 |  24.1
LSTM           62.9 |  20.6      71.4 |  25.9      80.5 |  47.4
AE             28.8 |  23.1      28.6 |  24.3      29.5 |  26.1
TGCN           51.7 |  51.8      61.4 |  53.4      74.8 |  54.8
STGT           53.8 |  54.2      70.2 |  55.6      78.1 |  74.7
TL-STGT        58.3 |  53.6      70.5 |  59.6      76.4 |  76.8

---- realized false-alarm rate (ours; the paper reports none) ----
model                    10                20                31
SVM                    15.4              10.5              17.5
RF                     13.8               8.3               6.1
LGBM                    7.5               7.0               8.1
FFNN                   41.7              49.1              56.1
LSTM                   39.7              43.9              52.0
AE                     26.3              16.9              20.2
TGCN                   31.1              44.3              53.7
STGT                   32.9              53.7              54.6
TL-STGT                31.4              51.1              52.2
