
############ delta_scale=raw  detection batch S=1 ############

================  F1  (ours | reported)  ================
model                    10                20                31
SVM            61.1 |   6.1      59.4 |  13.2      58.2 |  26.2
RF             59.6 |  17.5      44.9 |  22.7      45.5 |  28.9
LGBM           45.1 |  19.8      48.1 |  20.1      43.7 |  22.3
FFNN           71.5 |  20.9      71.6 |  24.1      70.2 |  36.1
LSTM           73.1 |  26.0      71.1 |  27.5      72.3 |  34.5
AE             59.1 |  21.5      44.9 |  31.4      46.3 |  38.1
TGCN           67.1 |  49.6      70.5 |  59.3      70.0 |  59.8
STGT           60.3 |  52.3      68.4 |  59.4      69.2 |  76.3
TL-STGT        68.9 |  54.8      67.6 |  65.1      70.5 |  79.7

================  ACC  (ours | reported)  ================
model                    10                20                31
SVM            68.7 |  80.7      68.8 |  78.4      66.6 |  77.7
RF             69.1 |  82.4      62.7 |  80.1      63.4 |  76.1
LGBM           63.0 |  82.5      65.0 |  81.3      61.8 |  81.9
FFNN           77.1 |  78.6      76.4 |  80.6      75.2 |  83.3
LSTM           77.6 |  77.0      76.1 |  70.3      76.6 |  64.7
AE             69.2 |  67.2      64.2 |  80.1      64.7 |  83.4
TGCN           72.8 |  79.3      75.1 |  79.6      74.2 |  80.4
STGT           69.6 |  81.5      73.2 |  83.7      73.6 |  84.8
TL-STGT        74.5 |  82.6      71.3 |  86.1      73.9 |  87.1

================  DR  (ours | reported)  ================
model                    10                20                31
SVM            51.2 |   3.2      47.6 |   9.3      48.6 |  20.1
RF             47.6 |   9.5      31.7 |  12.4      31.9 |  30.1
LGBM           31.7 |  11.1      33.8 |  11.3      31.0 |  13.3
FFNN           60.0 |  14.5      62.1 |  22.7      60.7 |  24.1
LSTM           63.3 |  20.6      61.2 |  25.9      63.8 |  47.4
AE             46.4 |  23.1      30.5 |  24.3      31.7 |  26.1
TGCN           57.9 |  51.8      62.1 |  53.4      62.9 |  54.8
STGT           48.1 |  54.2      60.5 |  55.6      61.9 |  74.7
TL-STGT        58.8 |  53.6      62.4 |  59.6      65.2 |  76.8

---- realized false-alarm rate (ours; the paper reports none) ----
model                    10                20                31
SVM                    15.1              11.6              16.9
RF                     11.2               8.8               7.7
LGBM                    8.1               6.4               9.9
FFNN                    7.2              10.5              11.4
LSTM                    9.2              10.1              11.6
AE                      9.9               4.8               4.8
TGCN                   13.4              12.9              15.4
STGT                   10.5              15.1              15.6
TL-STGT                11.0              20.4              18.2

############ delta_scale=raw  detection batch S=32 ############

================  F1  (ours | reported)  ================
model                    10                20                31
SVM            61.1 |   6.1      59.4 |  13.2      58.2 |  26.2
RF             59.6 |  17.5      44.9 |  22.7      45.5 |  28.9
LGBM           45.1 |  19.8      48.1 |  20.1      43.7 |  22.3
FFNN           67.4 |  20.9      67.1 |  24.1      59.9 |  36.1
LSTM           65.1 |  26.0      63.7 |  27.5      67.8 |  34.5
AE             49.6 |  21.5      48.4 |  31.4      42.7 |  38.1
TGCN           55.7 |  49.6      60.4 |  59.3      65.1 |  59.8
STGT           55.2 |  52.3      60.7 |  59.4      64.2 |  76.3
TL-STGT        55.5 |  54.8      59.1 |  65.1      66.7 |  79.7

================  ACC  (ours | reported)  ================
model                    10                20                31
SVM            68.7 |  80.7      68.8 |  78.4      66.6 |  77.7
RF             69.1 |  82.4      62.7 |  80.1      63.4 |  76.1
LGBM           63.0 |  82.5      65.0 |  81.3      61.8 |  81.9
FFNN           64.7 |  78.6      63.6 |  80.6      62.6 |  83.3
LSTM           61.8 |  77.0      59.4 |  70.3      62.3 |  64.7
AE             59.2 |  67.2      62.2 |  80.1      56.5 |  83.4
TGCN           59.5 |  79.3      61.3 |  79.6      58.6 |  80.4
STGT           57.3 |  81.5      57.4 |  83.7      61.2 |  84.8
TL-STGT        54.6 |  82.6      54.1 |  86.1      62.0 |  87.1

================  DR  (ours | reported)  ================
model                    10                20                31
SVM            51.2 |   3.2      47.6 |   9.3      48.6 |  20.1
RF             47.6 |   9.5      31.7 |  12.4      31.9 |  30.1
LGBM           31.7 |  11.1      33.8 |  11.3      31.0 |  13.3
FFNN           76.2 |  14.5      77.4 |  22.7      58.3 |  24.1
LSTM           74.5 |  20.6      74.3 |  25.9      82.6 |  47.4
AE             41.9 |  23.1      36.9 |  24.3      33.8 |  26.1
TGCN           53.1 |  51.8      61.4 |  53.4      80.7 |  54.8
STGT           54.8 |  54.2      68.6 |  55.6      72.6 |  74.7
TL-STGT        59.0 |  53.6      69.3 |  59.6      79.5 |  76.8

---- realized false-alarm rate (ours; the paper reports none) ----
model                    10                20                31
SVM                    15.1              11.6              16.9
RF                     11.2               8.8               7.7
LGBM                    8.1               6.4               9.9
FFNN                   45.8              49.1              33.6
LSTM                   50.0              54.4              56.4
AE                     24.8              14.5              22.6
TGCN                   34.6              38.8              61.8
STGT                   40.4              52.9              49.3
TL-STGT                49.6              59.9              54.2
